<?xml version="1.0" encoding="UTF-8"?>
<kml xmlns="http://earth.google.com/kml/2.2">
<Document>
  <name>Midtown Region</name>
  <description><![CDATA[]]></description>
  <Style id="style4">
    <LineStyle>
      <color>40000000</color>
      <width>3</width>
    </LineStyle>
    <PolyStyle>
      <color>4D0000FF</color>
      <fill>1</fill>
      <outline>1</outline>
    </PolyStyle>
  </Style>
  <Placemark>
    <name>Midtown</name>
    <id>1</id>
    <description><![CDATA[]]></description>
    <styleUrl>#style4</styleUrl>
    <Polygon>
      <outerBoundaryIs>
        <LinearRing>
          <tessellate>1</tessellate>
          <coordinates>
            -94.606529,39.071678,0.000000
            -94.560532,39.070114,0.000000
            -94.560616,39.066113,0.000000
            -94.561089,39.059319,0.000000
            -94.561813,39.047253,0.000000
            -94.560013,39.043087,0.000000
            -94.561813,39.041054,0.000000
            -94.564651,39.042122,0.000000
            -94.567307,39.041321,0.000000
            -94.568855,39.039921,0.000000
            -94.571083,39.038887,0.000000
            -94.573662,39.038086,0.000000
            -94.576317,39.038120,0.000000
            -94.578255,39.038952,0.000000
            -94.579712,39.038853,0.000000
            -94.581085,39.039120,0.000000
            -94.583786,39.039352,0.000000
            -94.585121,39.039787,0.000000
            -94.587006,39.040485,0.000000
            -94.591599,39.040321,0.000000
            -94.598854,39.038120,0.000000
            -94.601509,39.034935,0.000000
            -94.602432,39.033871,0.000000
            -94.604538,39.032951,0.000000
            -94.607559,39.034035,0.000000
            -94.607330,39.041786,0.000000
            -94.607330,39.047421,0.000000
            -94.607201,39.051403,0.000000
            -94.607201,39.055084,0.000000
            -94.607201,39.059250,0.000000
            -94.607132,39.065983,0.000000
            -94.607262,39.072346,0.000000
            -94.606529,39.071678,0.000000
          </coordinates>
        </LinearRing>
      </outerBoundaryIs>
    </Polygon>
  </Placemark>
</Document>
</kml>